12659	14462	1	0	126	0	0.58
12659	14463	1	0	91	1	0.39
12659	14464	1	1	126	0	0.37
12659	14465	1	0	91	1	0.9
12659	14466	1	0	91	1	0.84
12659	14467	1	0	91	1	0.61
12659	14468	1	1	91	1	0.84
12659	14469	1	1	91	1	0.59
12659	14470	1	1	124	0	0.13
12659	14471	1	0	124	0	0.72
12659	15311	1	1	91	1	0.83
12659	15312	1	0	91	1	0.49
12659	15313	1	0	91	1	0.07
12659	15314	1	0	91	1	0.11
12659	15316	1	0	150	0	0.25
12659	15317	1	1	91	1	0.26
12659	15318	1	0	91	1	1
12659	15319	1	0	91	1	0.91
12659	15321	1	1	228	0	0.01
12664	14472	1	0	91	1	1.36
12664	14473	1	0	91	1	0.86
12664	14474	1	1	91	1	1.58
12664	14475	1	0	91	1	0.97
12664	14476	1	0	91	1	1.18
12664	14477	1	0	91	1	0.94
12664	14478	1	0	91	1	1.1
12664	14479	1	1	91	1	0.64
12664	14480	1	0	91	1	1.52
12659	15322	1	0	91	1	0.3
12664	15323	1	1	91	1	0.85
12664	15324	1	0	91	1	1.3
12664	15325	1	1	91	1	0.44
12664	15326	1	1	91	1	0.67
12664	15327	1	1	91	1	0.89
12664	15328	1	0	139	0	1.23
12664	15329	1	1	91	1	0.69
12664	15330	1	1	91	1	0.28
12664	15331	1	0	91	1	0.88
12664	15332	1	0	91	1	1.1
12664	15333	1	1	195	0	0.17
12625	14486	1	0	123	0	0.69
12625	14487	1	0	91	1	0.68
12625	14488	1	1	123	0	0.83
12625	14489	1	1	94	1	0.45
12625	14490	1	1	94	1	0.52
12625	14491	1	0	91	1	0.67
12625	14492	1	0	94	1	0.33
12625	14493	1	0	94	1	0.76
12625	14494	1	1	94	1	0.38
12625	14495	1	0	94	1	1.35
12625	14496	1	1	95	1	0.3
12625	14497	1	0	91	1	0.48
12625	14498	1	1	95	1	0.852
12625	15283	1	1	91	1	0.91
12625	15284	1	0	91	1	0.6
12625	15285	1	1	91	1	1.09
12625	15286	1	0	145	0	1.52
12625	15287	1	1	146	0	0.18
12625	15288	1	1	91	1	0.93
12625	15289	1	0	91	1	1.18
12625	15290	1	1	91	1	0.76
12625	15291	1	0	91	1	0.64
12625	15292	1	0	91	1	0.73
12625	15293	1	1	91	1	0.53
12719	14499	1	1	123	0	1.16
12719	14500	1	0	94	1	0.42
12719	14501	1	1	95	1	0.615
12719	14502	1	0	95	1	1.67
12719	14503	1	0	123	0	0.84
12719	14504	1	0	95	1	1.59
12719	14505	1	0	95	1	1.82
12719	14506	1	1	95	1	1.34
12719	14507	1	1	95	1	0.219
12719	14508	1	0	95	1	1.54
12719	15675	1	1	91	1	1.25
12719	15676	1	1	91	1	1.87
12719	15677	1	1	217	0	0.26
12719	15678	1	1	91	1	0.45
12719	15679	1	0	195	0	0.55
12719	15680	1	0	98	1	0.6
12719	15681	1	1	183	0	1.35
12719	15683	1	0	133	0	1.3
12719	15684	1	0	98	1	0.99
12698	14509	1	0	91	1	0.35
12698	14510	1	1	95	1	0.46
12698	14511	1	1	95	1	1.12
12698	14512	1	1	95	1	0.4
12698	14513	1	0	91	1	0.04
12698	14514	1	1	95	1	0.85
12698	14515	1	1	123	0	1.14
12698	14516	1	1	95	1	0.52
12698	14517	1	1	95	1	0.57
12698	14518	1	0	123	0	0.93
12698	15334	1	0	93	1	0.48
12698	15335	1	1	93	1	1.54
12698	15336	1	0	143	0	0.96
12698	15337	1	1	93	1	1.03
12698	15338	1	0	93	1	0.39
12698	15339	1	1	93	1	0.32
12698	15340	1	0	93	1	0.96
12698	15341	1	1	93	1	1.1
12698	15342	1	1	93	1	0.42
12698	15343	1	0	93	1	0.51
12698	15344	1	1	93	1	0.84
12698	15345	1	1	142	0	0.36
12600	14519	1	1	123	0	1.98
12600	14520	1	1	95	1	0.6
12600	14521	1	1	95	1	1.2
12600	14522	1	0	123	0	1.23
12600	14523	1	0	91	1	0.97
12600	14524	1	1	98	1	0.45
12600	14525	1	1	98	1	1.77
12600	14526	1	1	98	1	2.09
12600	14527	1	0	98	1	1.02
12600	15369	1	1	92	1	1.04
12600	15370	1	1	92	1	1.04
12600	15371	1	1	92	1	1.2
12600	15373	1	0	92	1	1.67
12600	15374	1	0	92	1	2.03
12600	15375	1	1	142	0	0.54
12600	15376	1	0	173	0	2.49
12730	14546	1	1	120	0	0.92
12730	14547	1	0	92	1	1
12730	14548	1	1	91	1	0.25
12730	14550	1	1	92	1	0.29
12730	14551	1	1	92	1	0.61
12730	14552	1	0	120	0	1.12
12730	14553	1	0	92	1	0.49
12730	14554	1	0	92	1	0.57
12730	15444	1	1	92	1	0.29
12730	15445	1	0	191	0	1
12730	15446	1	0	91	1	0.09
12730	15447	1	1	92	1	0.49
12730	15448	1	1	92	1	0.5
12730	15449	1	1	92	1	0.66
12730	15450	1	0	91	1	0.25
12730	15451	1	1	92	1	0.38
12730	15452	1	1	92	1	0.57
12730	15453	1	1	92	1	0.56
12730	15454	1	1	191	0	1.55
12955	14656	1	0	91	1	0.58
12688	14555	1	0	92	1	0.54
12688	14556	1	0	92	1	1.24
12688	14557	1	0	92	1	0.79
12688	14558	1	0	113	0	0.73
12688	14559	1	0	120	0	0.69
12688	14560	1	1	92	1	0.44
12688	14561	1	1	113	0	0.31
12688	14562	1	1	113	0	0.44
12688	14563	1	0	92	1	1.26
12688	14564	1	1	120	0	0.74
12688	14565	1	0	113	0	0.89
12688	14566	1	0	113	0	0.82
12688	14567	1	1	92	1	0.46
12688	15498	1	0	190	0	0.81
12688	15499	1	1	91	1	0.45
12688	15500	1	1	180	0	0.34
12688	15501	1	0	91	1	1.1
12688	15502	1	0	98	1	0.9
12688	15503	1	0	91	1	0.64
12688	15504	1	1	91	1	0.97
12688	15505	1	0	98	1	0.32
12688	15506	1	0	98	1	0.7
12688	15507	1	1	91	1	0.55
12688	15508	1	1	91	1	1.16
12688	15509	1	0	91	1	0.69
12706	14574	1	1	92	1	0.71
12706	14575	1	1	92	1	1.16
12706	14576	1	1	92	1	0.82
12706	14577	1	1	119	0	3.15
12706	14578	1	0	119	0	1.85
12706	14579	1	0	91	1	0.97
12706	14580	1	0	91	1	0.91
12706	14581	1	1	92	1	1.04
12706	14582	1	1	92	1	1.36
12706	15647	1	1	150	0	1.05
12706	15648	1	0	101	0	2.3
12706	15649	1	0	141	0	1.31
12617	14583	1	1	92	1	0.62
12617	14584	1	0	91	1	0.51
12617	14585	1	1	92	1	0.79
12617	14586	1	1	92	1	0.76
12617	14587	1	1	92	1	0.3
12617	14588	1	1	119	0	1.26
12617	14589	1	1	92	1	0.99
12617	14590	1	0	119	0	0.71
12617	15561	1	0	92	1	0.26
12617	15562	1	0	92	1	0.5
12617	15563	1	0	92	1	0.97
12617	15564	1	0	92	1	0.43
12617	15565	1	0	91	1	0.39
12617	15566	1	1	139	0	0.24
12617	15567	1	1	98	1	0.55
12617	15568	1	0	92	1	0.84
12617	15569	1	0	140	0	0.61
12796	14591	1	0	92	1	0.19
12796	14592	1	0	91	1	0.43
12796	14593	1	0	91	1	0.64
12796	14594	1	1	119	0	0.28
12796	14596	1	0	98	1	0.45
12796	14597	1	0	119	0	0.87
12796	14598	1	0	91	1	0.73
12796	14599	1	0	98	1	1.11
12796	14600	1	1	92	1	0.68
12796	15455	1	0	135	0	0.86
12796	15456	1	1	92	1	0.69
12796	15457	1	1	91	1	0.25
12796	15458	1	1	91	1	0.9
12796	15459	1	0	91	1	0.09
12796	15460	1	1	148	0	0.27
12759	14603	1	0	119	0	0.62
12759	15551	1	0	91	1	0.46
12759	15552	1	0	91	1	0.67
12759	15553	1	1	91	1	0.32
12759	15554	1	0	91	1	0.34
12759	15555	1	0	158	0	0.4
12759	15556	1	0	91	1	0.44
12759	15557	1	0	91	1	0.29
12759	15558	1	0	91	1	0.55
12759	15559	1	1	91	1	0.26
12759	15560	1	1	189	0	0.86
12882	14634	1	0	116	0	0.37
12882	14635	1	1	91	1	0.23
12882	14636	1	0	91	1	0.47
12882	14637	1	1	98	1	0.3
12882	14638	1	1	98	1	0.31
12882	14639	1	1	118	0	0.73
12882	15639	1	0	92	1	1.08
12882	15640	1	0	92	1	1.1
12882	15641	1	1	136	0	0.26
12882	15642	1	1	92	1	0.49
12882	15643	1	0	141	0	1.16
12882	15644	1	0	92	1	0.52
12882	15645	1	1	92	1	0.52
12882	15646	1	1	92	1	0.31
12955	14657	1	0	91	1	0.47
12955	14658	1	1	91	1	0.46
12955	14659	1	0	112	0	0.9
12955	14660	1	1	91	1	0.66
12955	14661	1	0	91	1	0.91
12955	14662	1	0	91	1	0.44
12955	14663	1	1	91	1	0.33
12955	14664	1	1	114	0	0.29
12955	14665	1	0	91	1	0.8
12955	14666	1	1	91	1	0.73
12955	15695	1	0	91	1	0.66
12955	15696	1	0	91	1	1.31
12955	15697	1	1	91	1	1.12
12955	15698	1	1	91	1	1.06
12955	15699	1	1	91	1	0.31
12955	15700	1	0	91	1	0.85
12955	15701	1	1	141	0	0.12
12955	15702	1	1	91	1	0.87
12955	15703	1	0	194	0	1.6
12944	14671	1	1	113	0	0.22
12944	14672	1	1	91	1	0.43
12944	14673	1	1	91	1	0.88
12944	14674	1	0	98	1	0.77
12944	14676	1	1	91	1	0.38
12944	14677	1	0	107	0	0.62
12944	14678	1	1	91	1	0.87
12944	14679	1	1	91	1	0.43
12944	15802	1	1	148	0	0.19
12944	15803	1	0	91	1	0.69
12944	15804	1	0	91	1	0.18
12944	15805	1	0	91	1	0.9
12944	15806	1	0	91	1	0.6
12944	15807	1	1	91	1	0.6
12944	15808	1	0	154	0	2.57
12944	15809	1	0	91	1	0.5
12944	15810	1	0	91	1	1.02
12944	15811	1	0	91	1	0.43
12830	14682	1	0	91	1	0.54
12830	14683	1	0	91	1	0.54
12830	14684	1	0	91	1	0.84
12830	14685	1	1	105	0	0.88
12830	14686	1	1	105	0	0.38
12830	14687	1	0	110	0	0.34
12830	14688	1	0	91	1	0.7
12830	14689	1	1	112	0	0.22
12830	14690	1	1	105	0	0.34
12830	14691	1	0	91	1	0.91
12830	15756	1	0	185	0	1.11
12830	15757	1	0	92	1	1.81
12830	15758	1	0	92	1	0.7
12830	15759	1	1	137	0	0.21
12830	15760	1	1	92	1	0.51
12830	15761	1	0	92	1	0.6
12830	15762	1	1	92	1	1.67
12984	14692	1	0	91	1	0.94
12984	14693	1	0	91	1	2.26
12984	14694	1	1	112	0	0.241
12984	14695	1	0	91	1	0.87
12984	14696	1	0	112	0	0.64
12984	14697	1	1	91	1	1.49
12984	14698	1	0	105	0	1.33
12984	15717	1	1	91	1	1.85
12984	15718	1	1	91	1	1.26
12984	15719	1	1	91	1	1.14
12984	15720	1	1	174	0	0.37
12984	15721	1	0	181	0	0.22
12984	15722	1	1	91	1	1.42
12984	15723	1	1	91	1	0.73
12984	15724	1	1	91	1	0.84
12984	15725	1	0	105	0	1.79
12820	14702	1	0	91	1	1.04
12820	14703	1	0	111	0	0.79
12820	14704	1	1	111	0	0.97
12820	14705	1	0	91	1	0.52
12820	14706	1	0	91	1	0.6
12820	14707	1	1	91	1	0.58
12820	14708	1	0	119	0	1.38
12820	14709	1	0	91	1	1.01
12820	14710	1	1	91	1	0.48
12820	14711	1	0	119	0	1.22
12820	14712	1	0	119	0	0.58
12820	15763	1	0	92	1	1.71
12820	15764	1	1	92	1	0.53
12820	15765	1	0	92	1	0.75
12820	15766	1	0	92	1	0.8
12820	15767	1	1	137	0	0.45
12820	15768	1	0	157	0	2.05
12820	15769	1	0	92	1	0.85
12820	15770	1	1	92	1	1.04
12773	14715	1	1	91	1	0.37
12773	14716	1	0	107	0	0.31
12773	14717	1	1	91	1	0.65
12773	14718	1	1	91	1	0.29
12773	14719	1	1	91	1	0.57
12773	14720	1	1	91	1	0.36
12773	14721	1	1	91	1	0.41
12773	14722	1	1	91	1	0.52
12773	14723	1	0	91	1	0.79
12773	14724	1	1	91	1	0.22
12773	14725	1	0	91	1	0.45
12773	14726	1	1	107	0	0.16
12773	14727	1	0	91	1	0.54
12773	15812	1	0	176	0	0.5
12773	15813	1	1	91	1	0.06
12773	15814	1	1	91	1	0.52
12773	15815	1	1	134	0	0.07
12773	15816	1	1	91	1	0.18
12773	15817	1	1	91	1	0.12
12773	15818	1	1	91	1	0.53
12773	15819	1	0	91	1	0.66
12773	15820	1	1	91	1	0.57
12773	15821	1	1	91	1	0.69
12773	15822	1	1	91	1	0.36
12773	15823	1	1	91	1	0.16
13051	14728	1	1	106	0	0.23
13051	14729	1	1	91	1	0.7
13051	14730	1	1	91	1	0.44
13051	14731	1	0	91	1	0.41
13051	14732	1	1	91	1	0.31
13051	14733	1	0	91	1	1.04
13051	14734	1	0	91	1	0.99
13051	14735	1	0	91	1	0.56
13051	14736	1	0	106	0	0.88
13051	14737	1	0	91	1	0.64
13051	16932	1	1	91	1	0.73
13051	16933	1	0	91	1	1.66
13051	16935	1	1	91	1	0.43
13051	16936	1	0	91	1	0.5
13051	16937	1	1	91	1	0.51
12809	14752	1	1	99	1	0.8
12809	14753	1	1	99	1	1.27
12809	14754	1	1	98	1	1.42
12809	14755	1	1	99	1	1.05
12809	14756	1	1	105	0	0.87
12809	14757	1	1	99	1	1.52
12809	14758	1	0	105	0	0.99
12809	15957	1	1	162	0	0.39
12809	15958	1	0	91	1	0.68
12809	15959	1	1	91	1	0.49
12809	15960	1	0	137	0	1.18
12809	15961	1	0	91	1	1.23
12809	15962	1	0	91	1	0.56
12809	15963	1	1	91	1	0.78
12809	15964	1	1	91	1	0.71
12809	15965	1	1	91	1	0.52
12809	15966	1	1	91	1	0.6
12809	15967	1	0	91	1	1.06
12783	14766	1	0	92	1	0.95
12783	14767	1	0	100	0	0.51
12783	14768	1	0	92	1	1.42
12783	14769	1	1	100	0	1.25
12783	14770	1	1	92	1	0.58
12783	14771	1	1	92	1	0.09
12783	14772	1	0	92	1	1.01
12783	14773	1	0	92	1	1.18
12783	14774	1	1	92	1	0.67
12783	14775	1	1	92	1	1.31
12783	14776	1	0	92	1	1.64
12976	14777	1	1	92	1	1.16
12976	14778	1	1	92	1	0.9
12976	14779	1	0	100	0	0.73
12976	14780	1	1	92	1	0.51
12976	14781	1	1	100	0	0.89
12976	15953	1	1	171	0	1.26
12976	15954	1	1	91	1	0.53
12976	15955	1	1	91	1	0.89
12976	15956	1	0	162	0	0.39
12828	14782	1	1	100	0	0.31
12828	14783	1	0	92	1	0.57
12828	14784	1	1	92	1	0.75
12828	14785	1	0	92	1	0.52
12828	14786	1	1	92	1	1.45
12828	14787	1	0	100	0	0.4
12828	14788	1	0	92	1	0.61
12828	14789	1	1	92	1	0.96
12828	14790	1	0	92	1	0.86
12828	14791	1	0	98	1	1
12828	15994	1	0	149	0	1.14
12828	15995	1	1	91	1	0.78
12828	15996	1	1	91	1	0.49
12828	15997	1	0	91	1	0.53
12828	15998	1	1	169	0	1.96
13200	14808	1	0	99	1	0.95
13200	14809	1	0	92	1	0.65
13200	14810	1	0	92	1	0.72
13200	14811	1	0	92	1	0.54
13200	14812	1	1	99	1	1
13200	14813	1	1	92	1	0.51
13200	14814	1	0	92	1	1.37
13200	16007	1	1	91	1	0.49
13200	16008	1	1	91	1	0.1
13200	16009	1	0	91	1	0.52
13200	16010	1	1	91	1	0.26
13200	16011	1	0	91	1	0.46
13200	16012	1	0	137	0	1.2
13200	16013	1	0	91	1	0.48
13200	16014	1	1	168	0	0.47
13200	16015	1	0	91	1	0.57
13021	14815	1	0	92	1	1.46
13021	14816	1	1	99	1	1.27
13021	14817	1	1	92	1	1.21
13021	14818	1	1	92	1	1.16
13021	14819	1	0	92	1	1.75
13021	14820	1	1	92	1	1.16
13021	14821	1	1	92	1	1.03
13021	14822	1	1	92	1	1.75
13021	14823	1	0	99	1	0.98
13021	14824	1	1	92	1	0.63
13021	16061	1	0	91	1	1.71
13021	16062	1	1	147	0	0.44
13021	16063	1	0	91	1	1.72
13021	16064	1	0	91	1	1.36
13021	16065	1	1	91	1	1.13
13021	16066	1	0	173	0	0.61
13021	16067	1	0	91	1	1.36
13021	16068	1	1	91	1	1.02
13021	16069	1	1	91	1	0.66
13021	16070	1	0	91	1	1.17
12886	14825	1	0	92	1	0.7
12886	14826	1	1	92	1	1.03
12886	14827	1	1	92	1	0.32
12886	14828	1	0	92	1	0.96
12886	14829	1	0	92	1	0.78
12886	14830	1	1	92	1	0.28
12886	14831	1	1	99	1	0.17
12886	14832	1	1	92	1	0.28
12886	14833	1	0	92	1	0.73
12886	14834	1	0	100	0	0.6
12886	14835	1	0	92	1	0.77
12886	14836	1	0	92	1	0.51
12886	14837	1	1	92	1	0.34
13157	14852	1	1	98	1	1.09
13157	14853	1	0	99	1	0.6
13157	14854	1	1	93	1	1.03
13157	14855	1	1	93	1	0.95
13157	14856	1	1	98	1	1.35
13157	14857	1	1	93	1	1.17
13157	14858	1	0	93	1	1.03
13157	16094	1	0	93	1	2.12
13157	16095	1	1	93	1	1.18
13157	16096	1	1	138	0	0.34
13157	16097	1	0	93	1	1.58
13157	16098	1	0	93	1	1.87
13157	16099	1	0	93	1	1.35
13157	16100	1	0	93	1	1.83
13157	16101	1	0	137	0	1.9
12768	14859	1	1	98	1	0.36
12768	14860	1	0	99	1	0.43
12768	14861	1	0	99	1	0.77
12768	14862	1	0	93	1	1.32
12768	14863	1	0	93	1	1.46
12768	14864	1	0	93	1	1.78
12768	14865	1	0	93	1	1.51
12768	14866	1	0	99	1	0.63
12768	14867	1	1	98	1	1.16
12768	16332	1	0	93	1	0.09
12768	16333	1	0	93	1	0.69
12768	16334	1	1	93	1	0.66
12768	16335	1	1	93	1	0.66
12768	16336	1	0	93	1	0.61
12768	16337	1	1	93	1	0.36
12768	16338	1	1	93	1	0.65
12768	16339	1	0	93	1	1.23
12768	16340	1	1	93	1	0.61
12768	16341	1	1	93	1	0.58
12967	14893	1	1	97	1	1.18
12967	14894	1	0	91	1	2.23
12967	14895	1	1	92	1	1.02
12967	14896	1	0	98	1	0.83
12967	14897	1	1	92	1	1.42
12967	16248	1	1	91	1	1.19
12967	16249	1	1	91	1	0.54
12967	16250	1	0	98	1	1.83
12967	16251	1	1	91	1	1.01
12967	16252	1	1	91	1	1.13
12967	16253	1	0	98	1	1.14
13135	14898	1	0	98	1	0.64
13135	14899	1	0	91	1	0.8
13135	14900	1	0	91	1	0.66
13135	14901	1	0	91	1	0.89
13135	14902	1	0	91	1	0.4
13135	14903	1	1	92	1	0.15
13135	14904	1	1	97	1	0.37
13135	14905	1	0	91	1	0.26
13135	14906	1	0	91	1	1.41
13135	14907	1	0	91	1	1.2
13135	14908	1	1	91	1	0.31
13135	14909	1	1	92	1	0.58
13135	14910	1	1	92	1	0.45
13135	16181	1	1	91	1	1.34
13135	16182	1	0	162	0	0.14
13135	16183	1	0	91	1	1.92
13135	16184	1	0	91	1	0.53
13135	16185	1	0	91	1	1.3
13135	16186	1	0	91	1	1.01
13135	16187	1	0	91	1	1.55
13135	16189	1	1	163	0	0.16
13135	16190	1	0	91	1	1.85
13135	16191	1	0	91	1	0.84
13135	16192	1	0	91	1	1.35
13184	14911	1	1	92	1	0.24
13184	14912	1	1	91	1	0.19
13184	14913	1	0	95	1	0.73
13184	14914	1	1	92	1	0.88
13184	14915	1	1	91	1	0.22
13184	14916	1	0	92	1	0.39
13184	14917	1	1	95	1	0.21
13184	14918	1	0	92	1	0.38
13184	14919	1	0	92	1	0.51
13184	14920	1	0	92	1	0.44
13184	14921	1	0	91	1	0.48
13184	14922	1	0	91	1	0.32
13184	16054	1	0	91	1	1.08
13184	16055	1	0	91	1	0.47
13184	16056	1	1	91	1	1.45
13184	16057	1	1	91	1	1.14
13184	16058	1	1	136	0	0.43
13184	16059	1	0	91	1	0.78
13184	16060	1	0	173	0	1.25
13308	14923	1	1	92	1	0.45
13308	14924	1	0	95	1	0.55
13308	14925	1	0	92	1	1.12
13308	14926	1	1	95	1	1.1
13308	14927	1	1	92	1	0.78
13308	14928	1	1	98	1	0.73
13308	14929	1	1	98	1	0.61
13308	16159	1	0	143	0	0.54
13308	16160	1	0	91	1	0.8
13308	16161	1	0	91	1	0.98
13308	16162	1	1	91	1	0.13
13308	16163	1	1	91	1	0.21
13308	16164	1	1	135	0	0.13
13308	16165	1	0	91	1	0.73
13308	16166	1	0	91	1	0.8
13308	16167	1	0	91	1	0.59
13308	16168	1	0	91	1	0.45
13256	14930	1	0	98	1	1.58
13256	14931	1	1	95	1	0.92
13256	14932	1	0	92	1	0.68
13256	14933	1	0	92	1	0.29
13256	14934	1	0	92	1	0.73
13256	14935	1	0	92	1	0.77
13256	14936	1	0	95	1	0.58
13256	16102	1	1	93	1	0.15
13256	16103	1	0	93	1	0.62
13256	16104	1	0	93	1	0.46
13256	16105	1	0	93	1	0.71
13256	16106	1	0	93	1	0.83
13256	16107	1	1	171	0	0.2
13256	16108	1	1	93	1	0.17
13256	16109	1	0	142	0	0.54
13256	16110	1	0	93	1	0.39
13256	16111	1	1	93	1	0.13
13256	16112	1	0	93	1	0.66
13256	16113	1	0	93	1	0.56
13057	15059	1	0	91	1	0.57
13057	15060	1	1	91	1	0.41
13057	15061	1	1	91	1	0.48
13057	15062	1	1	91	1	0.47
13057	15063	1	0	91	1	0.81
13057	15064	1	0	91	1	1.09
13057	15065	1	1	91	1	0.43
13057	15066	1	0	91	1	0.97
13057	16193	1	0	91	1	0.99
13057	16194	1	1	153	0	0.24
13057	16195	1	1	91	1	0.6
13057	16196	1	1	91	1	0.78
13057	16197	1	0	134	0	0.53
13057	16198	1	0	91	1	0.72
13057	16199	1	0	91	1	1
13057	16200	1	1	91	1	0.69
13057	16201	1	1	91	1	0.74
13057	16202	1	1	91	1	0.63
13057	16203	1	0	91	1	0.93
13370	15087	1	1	91	1	0.48
13370	15088	1	0	91	1	1.15
13370	15089	1	0	91	1	0.95
13370	15090	1	0	91	1	1.35
13370	15091	1	0	91	1	0.54
13370	15092	1	0	91	1	0.83
13370	15093	1	1	91	1	0.38
13370	15094	1	0	91	1	1.1
13370	15095	1	0	91	1	0.95
13037	15127	1	1	91	1	0.47
13037	15128	1	1	91	1	0.48
13037	15129	1	1	91	1	0.53
13037	15130	1	0	92	1	1.14
13037	15131	1	0	91	1	0.55
13037	15132	1	0	92	1	0.65
13037	15133	1	0	91	1	0.45
13037	15134	1	1	91	1	0.83
13397	15151	1	0	153	0	1.19
13397	15152	1	0	91	1	0.47
13397	15154	1	0	91	1	0.59
13397	15156	1	1	91	1	0.37
13397	15157	1	1	92	1	0.3
13397	15158	1	1	92	1	0.24
13397	15159	1	0	91	1	0.55
13397	15160	1	0	91	1	0.45
13397	15161	1	1	92	1	0.38
13397	15162	1	1	153	0	0.83
13397	15163	1	1	92	1	0.44
13397	16204	1	1	137	0	0.14
13397	16205	1	1	91	1	0.41
13397	16206	1	1	91	1	0.55
13397	16207	1	0	91	1	0.66
13397	16208	1	0	144	0	0.43
13397	16209	1	1	91	1	0.33
13397	16210	1	0	91	1	1.03
13482	15205	1	1	91	1	0.47
13482	15206	1	0	91	1	0.96
13482	15207	1	0	91	1	1.11
13482	15208	1	0	91	1	1.23
13482	15209	1	1	91	1	1.1
13482	15210	1	1	91	1	0.6
13482	15211	1	1	142	0	0.12
13482	15212	1	0	149	0	0.9
13482	15213	1	0	91	1	1.31
13482	16709	1	1	86	1	0.62
13482	16710	1	1	86	1	0.17
13482	16711	1	1	86	1	0.26
13482	16712	1	1	86	1	0.52
13482	16713	1	1	86	1	0.38
13482	16714	1	0	86	1	0.97
13482	16715	1	0	86	1	0.96
12631	15232	1	0	148	0	1.65
12631	15233	1	0	92	1	1.82
12631	15234	1	0	148	0	1.43
13550	15235	1	1	139	0	0.27
13550	15236	1	1	91	1	0.98
13550	15237	1	0	91	1	0.42
13550	15238	1	0	91	1	0.88
13550	15239	1	0	91	1	1.04
13550	15240	1	0	91	1	0.79
13550	15241	1	0	190	0	1.56
13550	15242	1	1	91	1	1.04
13550	16241	1	1	91	1	0.7
13550	16242	1	1	91	1	0.56
13550	16243	1	1	91	1	0.77
13550	16244	1	1	91	1	0.85
13550	16245	1	1	91	1	0.75
13550	16246	1	0	98	1	0.83
13550	16247	1	0	98	1	1.24
13513	15243	1	0	147	0	1.02
13513	15244	1	0	91	1	0.88
13513	15245	1	1	140	0	0.15
13513	15246	1	0	91	1	1.76
13513	15247	1	1	91	1	0.92
13513	15248	1	1	91	1	1
13513	16454	1	1	107	0	1.2
13513	16455	1	0	91	1	1.05
13513	16456	1	1	91	1	0.81
13513	16457	1	0	91	1	0.89
13513	16458	1	0	91	1	0.74
13513	16459	1	1	91	1	0.71
13513	16460	1	1	91	1	0.6
13513	16461	1	1	91	1	0.8
13513	16462	1	0	91	1	0.91
13513	16463	1	0	91	1	0.77
13513	16464	1	0	91	1	0.77
13513	16465	1	0	91	1	1.02
13284	15294	1	1	91	1	0.29
13284	15295	1	0	91	1	0.7
13284	15296	1	1	91	1	0.34
13284	15297	1	1	91	1	0.37
13284	15299	1	1	101	0	0.18
13284	15300	1	1	91	1	0.65
13284	15301	1	1	91	1	0.55
13284	15302	1	1	91	1	0.93
13284	15303	1	0	178	0	0.3
13284	16285	1	0	94	1	0.79
13284	16286	1	0	94	1	0.8
13284	16287	1	1	94	1	0.41
13284	16288	1	1	94	1	0.84
13284	16289	1	0	94	1	0.56
13284	16290	1	0	94	1	0.58
13284	16291	1	0	94	1	0.36
13284	16292	1	1	94	1	0.26
13284	16293	1	0	94	1	0.37
13284	16294	1	0	94	1	0.82
13298	15304	1	0	91	1	0.95
13298	15305	1	1	95	1	0.12
13298	15306	1	1	91	1	1.22
13298	15307	1	1	91	1	0.36
13298	15308	1	0	144	0	0.54
13298	15309	1	1	91	1	0.6
13298	15310	1	0	91	1	0.37
13298	16295	1	0	94	1	0.86
13298	16296	1	1	94	1	0.37
13298	16297	1	1	94	1	0.21
13298	16298	1	1	94	1	0.61
13298	16299	1	1	94	1	0.4
13298	16300	1	1	94	1	0.2
13298	16302	1	0	114	0	0.55
13298	16303	1	0	114	0	0.39
13298	16304	1	1	94	1	0.28
13298	16305	1	1	94	1	0.14
13298	16306	1	0	114	0	0.79
13298	16307	1	1	94	1	0.13
13298	16308	1	0	94	1	0.63
13456	15351	1	1	116	0	0.76
13456	15352	1	0	142	0	0.64
13456	15353	1	0	92	1	0.58
13456	15354	1	0	92	1	1.18
13456	15355	1	0	92	1	0.68
13456	15356	1	0	92	1	0.85
13456	15357	1	0	92	1	0.8
13456	15358	1	0	92	1	1.05
13456	16396	1	0	91	1	0.37
13456	16397	1	0	91	1	1.3
13456	16398	1	0	91	1	0.77
13456	16399	1	0	91	1	1.64
13456	16400	1	1	91	1	0.62
13456	16401	1	1	91	1	0.43
13522	15359	1	0	92	1	0.66
13522	15360	1	0	92	1	0.63
13522	15361	1	0	92	1	0.5
13522	15362	1	0	92	1	0.66
13522	15363	1	0	92	1	0.71
13522	15364	1	1	136	0	0.15
13522	15365	1	0	92	1	1.13
13522	15366	1	0	92	1	0.73
13522	15367	1	0	148	0	0.64
13522	15368	1	0	92	1	0.73
13522	16384	1	1	92	1	0.32
13522	16386	1	1	92	1	0.3
13522	16388	1	1	92	1	0.24
13522	16389	1	1	92	1	0.32
13522	16390	1	1	100	0	0.29
13522	16391	1	0	100	0	0.73
13522	16392	1	1	100	0	0.29
13522	16393	1	1	92	1	0.3
13522	16394	1	0	96	1	0.83
13522	16395	1	0	96	1	0.44
13385	15383	1	1	92	1	0.34
13385	15384	1	0	192	0	1
13385	15385	1	1	91	1	0.76
13385	15386	1	0	92	1	1.78
13385	15387	1	0	92	1	0.98
13385	15388	1	1	99	1	0.05
13385	15389	1	0	92	1	1.39
13385	15390	1	1	92	1	0.43
13593	15391	1	1	169	0	0.17
13593	15392	1	1	92	1	0.68
13593	15393	1	0	92	1	0.44
13593	15394	1	1	92	1	0.61
13593	15395	1	0	92	1	0.95
13593	15396	1	0	136	0	0.58
13593	15397	1	0	92	1	1.12
13593	15398	1	0	92	1	0.52
13593	15399	1	1	92	1	0.39
13593	15400	1	0	92	1	0.62
13593	16680	1	1	91	1	1.02
13593	16681	1	1	100	0	0.37
13593	16682	1	1	91	1	0.52
13593	16683	1	0	99	1	0.87
13593	16684	1	1	91	1	0.46
13593	16685	1	1	100	0	0.76
13593	16686	1	0	99	1	0.81
13593	16687	1	1	100	0	1.27
13579	15401	1	1	92	1	0.97
13579	15402	1	0	92	1	1.19
13579	15403	1	0	92	1	1.1
13579	15404	1	1	175	0	0.16
13579	15406	1	0	92	1	0.79
13579	15407	1	0	183	0	0.46
13579	15408	1	1	92	1	0.52
13579	16369	1	1	91	1	0.69
13579	16370	1	1	91	1	1.34
13579	16371	1	1	91	1	0.84
13579	16372	1	0	91	1	1.67
13579	16373	1	0	91	1	2.12
13579	16374	1	0	91	1	0.78
13579	16375	1	1	94	1	0.24
13579	16376	1	1	94	1	0.26
13088	15409	1	0	92	1	0.39
13088	15410	1	1	96	1	0.06
13088	15411	1	1	92	1	0.52
13088	15412	1	0	192	0	0.41
13088	15413	1	0	92	1	0.69
13088	15414	1	0	92	1	0.94
13088	15415	1	1	92	1	0.45
13088	16309	1	1	93	1	0.76
13088	16310	1	1	93	1	0.36
13088	16311	1	1	93	1	0.34
13088	16312	1	1	93	1	0.35
13088	16313	1	0	94	1	1.34
13088	16314	1	0	94	1	0.47
13088	16315	1	0	94	1	1.33
13088	16316	1	0	94	1	1.1
13088	16317	1	0	94	1	0.91
13643	15416	1	1	92	1	0.64
13643	15417	1	1	92	1	0.49
13643	15418	1	1	92	1	0.74
13643	15419	1	1	92	1	0.41
13643	15420	1	1	92	1	0.52
13643	15421	1	1	92	1	0.24
13643	15422	1	1	92	1	0.45
13643	15423	1	0	151	0	1.03
13643	15424	1	1	91	1	0.06
13643	15425	1	1	142	0	0.48
13643	15426	1	1	135	0	0.09
13643	15427	1	1	91	1	0.33
13643	16377	1	1	94	1	0.44
13643	16378	1	0	113	0	0.89
13643	16379	1	1	94	1	0.38
13643	16380	1	1	105	0	0.52
13643	16381	1	0	91	1	1.19
13643	16382	1	0	113	0	0.65
13643	16383	1	1	105	0	0.44
13610	15472	1	0	140	0	1.28
13610	15473	1	0	91	1	0.4
13610	15474	1	1	91	1	0.23
13610	15475	1	0	91	1	0.45
13610	15476	1	0	91	1	0.64
13610	15477	1	1	91	1	0.09
13610	15478	1	0	91	1	0.71
13610	15479	1	1	91	1	0.54
13610	15480	1	1	91	1	0.49
13610	15481	1	1	91	1	0.53
13610	15483	1	0	91	1	0.52
13610	15484	1	1	91	1	0.3
13610	15485	1	1	105	0	0.52
13610	15486	1	0	91	1	0.95
13610	16667	1	1	91	1	0.43
13610	16668	1	1	99	1	0.31
13610	16669	1	0	99	1	1.28
13610	16670	1	1	99	1	0.3
13610	16671	1	1	99	1	0.54
13610	16672	1	0	99	1	0.69
13610	16673	1	0	99	1	0.9
13610	16674	1	0	99	1	0.88
13610	16675	1	1	100	0	0.37
13610	16676	1	0	99	1	0.71
13610	16677	1	1	99	1	0.24
13610	16678	1	1	99	1	0.9
13610	16679	1	1	100	0	1.05
13657	15487	1	0	91	1	0.73
13657	15488	1	1	196	0	0.17
13657	15489	1	1	91	1	0.64
13657	15490	1	0	91	1	0.86
13657	15491	1	0	91	1	0.75
13657	15492	1	0	167	0	1.06
13657	15493	1	0	91	1	0.69
13657	15494	1	0	91	1	0.75
13657	15495	1	0	91	1	0.86
13657	15496	1	1	91	1	0.7
13657	15497	1	1	91	1	0.87
13657	16500	1	0	91	1	1
13657	16501	1	1	104	0	0.34
13657	16502	1	1	104	0	1.03
13657	16503	1	0	91	1	0.87
13657	16504	1	1	104	0	1.09
13657	16505	1	1	104	0	0.29
13657	16506	1	0	91	1	1.07
13583	15524	1	1	113	0	0.12
13583	15525	1	1	91	1	0.22
13583	15526	1	0	139	0	0.98
13583	15527	1	0	91	1	0.83
13583	15528	1	1	91	1	0.19
13583	15529	1	1	91	1	0.23
13583	15530	1	1	91	1	0.54
13583	15531	1	1	91	1	0.39
13583	15532	1	0	91	1	0.83
13583	16437	1	1	94	1	0.93
13583	16438	1	1	94	1	0.87
13583	16439	1	0	95	1	0.47
13583	16440	1	0	95	1	0.73
13583	16441	1	0	95	1	0.84
13583	16442	1	0	95	1	0.35
13583	16443	1	1	94	1	0.51
13565	15533	1	0	91	1	0.42
13565	15534	1	1	139	0	0.17
13565	15535	1	0	91	1	1.26
13565	15536	1	0	91	1	0.43
13565	15537	1	1	91	1	0.62
13565	15539	1	1	91	1	0.32
13565	15540	1	0	91	1	0.62
13565	15541	1	0	91	1	0.72
13565	15542	1	1	91	1	0.49
13565	16410	1	1	91	1	0.49
13565	16411	1	1	91	1	0.48
13565	16412	1	1	91	1	0.32
13565	16413	1	1	91	1	1.04
13565	16414	1	1	91	1	0.22
13565	16415	1	1	91	1	0.19
13565	16416	1	0	91	1	1.13
13565	16417	1	1	91	1	0.51
13565	16418	1	0	91	1	0.76
13565	16419	1	0	91	1	0.73
13565	16420	1	1	91	1	0.24
13834	15543	1	0	180	0	0.48
13834	15544	1	1	91	1	0.48
13834	15545	1	0	91	1	0.95
13834	15546	1	1	158	0	0.27
13834	15547	1	1	91	1	0.61
13834	15548	1	0	91	1	0.86
13834	15549	1	1	91	1	0.31
13834	15550	1	1	91	1	0.15
13834	16444	1	0	95	1	1.03
13834	16445	1	1	106	0	0.19
13834	16446	1	1	94	1	0.46
13834	16447	1	0	95	1	0.74
13834	16448	1	0	95	1	0.98
13834	16449	1	0	95	1	0.63
13834	16450	1	1	106	0	0.68
13834	16451	1	1	106	0	0.6
13834	16452	1	0	95	1	1.21
13834	16453	1	0	95	1	0.48
13552	15571	1	1	91	1	0.09
13552	15572	1	1	188	0	0.13
13552	15573	1	1	91	1	0.28
13552	15574	1	1	98	1	0.32
13552	15575	1	0	143	0	1.35
13552	15577	1	0	98	1	0.3
13552	15578	1	0	264	0	2.12
13393	15594	1	0	142	0	1.25
13393	15595	1	0	93	1	0.86
13393	15597	1	0	93	1	1.42
13393	15598	1	1	93	1	0.74
13393	15599	1	0	93	1	0.99
13393	15600	1	0	93	1	0.67
13393	15601	1	1	93	1	0.79
13393	15602	1	1	93	1	0.89
13393	15603	1	1	153	0	0.03
13393	15604	1	0	93	1	1.13
13393	16507	1	0	91	1	1.03
13393	16508	1	1	96	1	0.61
13393	16509	1	1	96	1	0.64
13393	16510	1	0	91	1	0.66
13393	16511	1	0	96	1	0.84
13393	16512	1	0	96	1	0.75
13393	16513	1	1	104	0	0.77
13393	16514	1	1	96	1	0.71
13393	16515	1	1	104	0	0.55
13393	16516	1	0	96	1	0.8
13393	16517	1	1	96	1	0.79
13393	16518	1	0	96	1	0.63
13393	16519	1	0	96	1	0.7
13393	16520	1	1	96	1	0.46
13393	16521	1	1	96	1	0.48
13393	16522	1	1	96	1	0.21
13565	15538	1	0	148	0	0.79
13435	15605	1	1	93	1	0.35
13435	15606	1	0	93	1	0.6
13435	15607	1	1	93	1	0.61
13435	15608	1	1	146	0	0.32
13435	15609	1	0	93	1	0.69
13435	15610	1	1	93	1	0.59
13435	15611	1	0	93	1	0.52
13435	15612	1	0	146	0	0.52
13435	15613	1	1	93	1	0.16
13435	16523	1	0	96	1	0.56
13435	16524	1	1	91	1	0.19
13435	16525	1	1	96	1	0.27
13435	16526	1	0	96	1	0.94
13435	16527	1	1	96	1	0.37
13435	16528	1	0	96	1	0.82
13435	16529	1	0	96	1	0.69
13435	16530	1	1	91	1	0.11
13435	16531	1	0	96	1	0.89
13435	16532	1	1	96	1	0.41
13435	16533	1	1	91	1	1.3
13840	16470	1	0	87	1	0.76
13849	15614	1	0	93	1	0.33
13849	15615	1	0	93	1	1.5
13849	15616	1	0	153	0	0.76
13849	15617	1	0	93	1	0.36
13849	15618	1	1	93	1	1.06
13849	15619	1	1	93	1	0.82
13849	15620	1	1	93	1	0.74
13849	15621	1	0	93	1	0.44
13849	15622	1	1	98	1	0.16
13849	15623	1	1	93	1	0.77
13849	15624	1	0	93	1	1.22
13849	16578	1	1	93	1	0.76
13849	16579	1	1	102	0	0.6
13849	16581	1	1	93	1	0.44
13849	16582	1	1	93	1	0.32
13849	16584	1	0	93	1	1.32
13849	16585	1	1	93	1	1.01
13849	16586	1	1	102	0	0.82
13849	16587	1	1	93	1	0.51
13849	16588	1	0	102	0	0.87
13849	16589	1	0	102	0	1.93
13840	15625	1	0	138	0	0.65
13840	15626	1	0	93	1	1.38
13840	15627	1	1	142	0	0.11
13840	15628	1	1	93	1	0.82
13840	15629	1	1	93	1	0.54
13840	15630	1	1	93	1	0.81
13840	15631	1	0	93	1	0.58
13840	15632	1	1	93	1	0.99
13840	15638	1	1	92	1	1.14
13840	16466	1	0	91	1	0.64
13840	16467	1	0	91	1	0.4
13840	16468	1	0	91	1	0.85
13840	16469	1	0	91	1	0.42
13840	16471	1	0	91	1	0.9
13840	16472	1	0	91	1	0.51
13840	16473	1	1	107	0	0.78
13840	16474	1	0	91	1	0.97
13840	16475	1	1	107	0	0.79
13247	15650	1	1	120	0	0.15
13247	15651	1	1	91	1	1.81
13247	15652	1	0	163	0	1.69
13247	15653	1	1	91	1	2.08
13247	16496	1	1	104	0	2.44
13247	16497	1	1	104	0	0.79
13247	16498	1	0	91	1	1.5
13247	16499	1	0	91	1	1.44
13622	15670	1	1	133	0	1.54
13622	15671	1	1	167	0	0.41
13622	15672	1	1	91	1	0.78
13622	15673	1	0	160	0	1.76
13622	15674	1	1	91	1	3.45
13622	16569	1	0	102	0	2.18
13622	16570	1	0	93	1	1.21
13622	16571	1	1	102	0	1.36
13622	16572	1	1	102	0	1.29
13622	16573	1	0	102	0	1.56
13622	16574	1	1	102	0	2.02
13622	16575	1	0	93	1	1.75
13622	16576	1	0	102	0	2.25
13622	16577	1	1	102	0	0.67
13860	15686	1	1	91	1	0.37
13860	15687	1	0	137	0	2.25
13860	15688	1	0	91	1	1.78
13860	15689	1	1	141	0	0.26
13860	15690	1	0	91	1	0.88
13860	15691	1	1	91	1	0.48
13860	15692	1	0	91	1	0.47
13860	15693	1	1	91	1	0.26
13860	15694	1	1	91	1	0.7
13860	16555	1	1	104	0	1.11
13860	16556	1	1	104	0	0.43
13860	16557	1	1	104	0	0.64
13860	16558	1	0	104	0	0.99
13860	16559	1	0	104	0	0.59
13860	16560	1	1	104	0	0.53
13860	16561	1	1	101	0	0.27
13860	16562	1	1	101	0	0.32
13860	16563	1	1	104	0	1.67
13860	16564	1	1	104	0	0.39
13534	15704	1	0	91	1	0.3
13534	15705	1	1	91	1	0.79
13534	15706	1	0	98	1	0.8
13534	15707	1	0	98	1	0.55
13534	15708	1	1	91	1	0.36
13534	15709	1	1	91	1	0.25
13534	15710	1	0	172	0	0.39
13534	15711	1	1	98	1	0.33
13534	15712	1	1	144	0	0.2
13534	15713	1	0	98	1	0.58
13534	15714	1	1	98	1	0.24
13534	16790	1	1	98	1	0.89
13534	16791	1	0	93	1	0.33
13534	16792	1	0	93	1	0.56
13534	16793	1	0	94	1	1.16
13918	15715	1	0	150	0	1.56
13918	15716	1	1	181	0	2.09
14002	15738	1	0	180	0	0.33
14002	15739	1	0	93	1	0.49
14002	15740	1	1	93	1	0.03
14002	15741	1	0	93	1	0.51
14002	15742	1	1	163	0	0.21
14002	15743	1	1	93	1	0.19
13858	15749	1	1	92	1	0.5
13858	15750	1	1	137	0	0.37
13858	15751	1	1	92	1	0.25
13858	15752	1	1	92	1	0.37
13858	15753	1	1	92	1	0.51
13858	15754	1	0	138	0	1.01
13858	15755	1	0	92	1	0.84
13858	16716	1	1	26	1	0.04
13858	16717	1	1	86	1	0.01
13858	16718	1	0	86	1	0.91
13858	16719	1	0	86	1	0.946
13858	16720	1	1	86	1	0.912
13858	16721	1	1	86	1	0.64
13858	16722	1	0	86	1	0.46
13242	15824	1	0	98	1	0.95
13242	15825	1	0	91	1	0.59
13242	15826	1	1	91	1	0.51
13242	15827	1	1	91	1	0.53
13242	15828	1	0	98	1	0.43
13242	15829	1	1	91	1	0.49
13242	15830	1	1	91	1	0.69
13242	15831	1	1	91	1	0.41
13242	15832	1	0	154	0	0.9
13242	15833	1	1	188	0	0.11
13242	16746	1	0	97	1	1.33
13242	16747	1	0	97	1	0.76
13242	16748	1	1	97	1	0.49
13242	16749	1	1	97	1	0.57
13242	16750	1	1	97	1	0.7
13242	16751	1	1	94	1	0.77
13242	16752	1	1	94	1	0.3
13242	16753	1	0	97	1	0.63
13242	16754	1	0	97	1	1.53
13631	15847	1	1	91	1	0.36
13631	15848	1	1	91	1	0.39
13631	15849	1	0	91	1	0.7
13631	15850	1	0	91	1	0.64
13631	15851	1	1	91	1	0.8
13631	15852	1	1	94	1	0.19
13631	15853	1	1	91	1	0.21
13631	15854	1	0	153	0	0.97
13631	15855	1	1	91	1	0.29
13631	15856	1	1	91	1	0.32
13631	16882	1	1	91	1	0.29
13631	16883	1	1	91	1	0.74
13631	16884	1	1	91	1	0.68
13631	16885	1	1	91	1	0.31
13631	16886	1	0	91	1	0.6
13501	15857	1	1	102	0	0.04
13501	15858	1	1	91	1	0.24
13501	15859	1	1	91	1	0.38
13501	15860	1	1	91	1	0.51
13501	15861	1	1	91	1	0.26
13501	15862	1	1	91	1	0.35
13501	15863	1	0	91	1	1.44
13501	15864	1	0	91	1	1.59
13501	15865	1	0	166	0	0.82
13501	15866	1	1	91	1	0.37
13501	16769	1	1	96	1	0.8
13501	16770	1	0	96	1	0.7
13501	16771	1	1	96	1	0.55
13501	16772	1	0	96	1	1.17
13501	16773	1	1	96	1	0.47
13501	16774	1	1	96	1	0.51
13501	16775	1	0	96	1	0.67
13501	16776	1	0	96	1	0.79
13501	16777	1	0	96	1	0.74
13501	16778	1	0	96	1	0.82
13501	16779	1	1	96	1	1.21
14121	15867	1	1	152	0	0.18
14121	15868	1	0	125	0	0.56
14121	15869	1	1	91	1	0.82
14121	15871	1	1	91	1	0.94
14121	15872	1	0	98	1	0.78
14121	15873	1	1	98	1	0.61
14121	16783	1	1	93	1	0.69
14121	16784	1	1	98	1	1.35
14121	16785	1	1	98	1	0.53
14121	16786	1	1	93	1	0.51
14121	16787	1	0	94	1	1.23
14121	16788	1	0	94	1	1.08
14121	16789	1	0	94	1	0.47
12600	15986	1	0	146	0	1.54
12600	15987	1	1	91	1	1.19
12600	15988	1	1	139	0	0.26
12600	15989	1	1	91	1	0.83
12600	15990	1	0	91	1	0.94
12600	15991	1	1	91	1	1.41
12600	15992	1	0	91	1	1.28
12600	15993	1	0	91	1	1.5
12600	16850	1	1	91	1	0.63
12600	16851	1	0	91	1	1.8
12600	16852	1	1	91	1	2.56
12600	16853	1	1	91	1	2.5
12600	16854	1	0	91	1	0.7
12600	16855	1	1	91	1	1.65
12600	16856	1	0	91	1	2.54
12600	16857	1	0	91	1	1.67
13153	16137	1	1	91	1	0.37
13153	16138	1	1	91	1	0.28
13153	16139	1	1	91	1	0.47
13153	16140	1	0	91	1	0.82
13153	16141	1	0	91	1	0.41
13153	16142	1	0	91	1	1.48
13153	16143	1	0	91	1	0.79
13153	16144	1	0	170	0	1.23
13153	16145	1	1	91	1	0.49
13153	16146	1	1	164	0	0.4
13153	16147	1	1	91	1	0.24
13153	17215	1	1	91	1	0.24
13153	17216	1	1	91	1	0.53
13153	17217	1	1	91	1	0.24
13153	17218	1	0	91	1	0.78
13153	17219	1	1	91	1	0.17
13153	17220	1	0	91	1	0.69
13153	17221	1	0	91	1	0.59
13153	17222	1	0	91	1	0.42
13153	17223	1	1	91	1	0.22
13153	17224	1	1	91	1	0.42
13153	17225	1	0	91	1	0.42
13153	17226	1	1	91	1	0.55
13153	17227	1	1	91	1	0.47
12886	16148	1	0	91	1	0.91
12886	16149	1	0	91	1	0.92
12886	16150	1	0	164	0	0.93
12886	16151	1	1	162	0	0.43
12886	16152	1	0	91	1	0.78
12886	16153	1	1	91	1	0.64
12886	16154	1	1	91	1	0.31
12886	16155	1	0	91	1	0.8
13348	16261	1	1	91	1	0.93
13348	16262	1	0	91	1	0.86
13348	16263	1	0	91	1	1.02
13348	16264	1	0	91	1	0.59
13348	16265	1	0	91	1	1.1
13348	16266	1	0	91	1	0.78
13348	16267	1	0	91	1	0.67
13348	16268	1	1	91	1	1.21
13006	16280	1	1	94	1	0.33
13006	16281	1	0	94	1	0.52
13006	16282	1	1	94	1	0.39
13006	16283	1	1	94	1	0.55
13006	16284	1	1	94	1	0.75
13006	17207	1	0	91	1	0.66
13006	17208	1	1	91	1	0.68
13006	17209	1	0	91	1	0.55
13006	17210	1	0	91	1	1.05
13006	17211	1	1	91	1	0.54
13006	17212	1	0	91	1	1.07
13006	17213	1	1	91	1	0.75
13006	17214	1	0	91	1	0.66
12625	16342	1	1	93	1	0.94
12625	16343	1	1	93	1	1.46
12625	16344	1	0	93	1	1
12625	16345	1	1	93	1	0.96
12625	16346	1	0	94	1	0.63
12625	16347	1	0	93	1	1.69
12625	16348	1	1	93	1	0.78
12625	16349	1	0	94	1	1.4
12625	16350	1	0	94	1	0.63
12625	16351	1	0	94	1	1.05
12625	16352	1	0	93	1	0.81
12698	16353	1	0	94	1	0.6
12698	16354	1	1	94	1	0.83
12698	16355	1	1	94	1	0.18
12698	16356	1	0	94	1	0.28
12698	16357	1	1	94	1	0.22
12698	16359	1	1	94	1	0.28
12698	16360	1	1	94	1	0.42
12698	16361	1	0	94	1	0.46
12698	16362	1	0	94	1	0.11
12698	16363	1	1	94	1	0.42
14076	16402	1	1	91	1	0.57
14076	16403	1	1	91	1	0.5
14076	16404	1	0	91	1	1.11
14076	16405	1	0	111	0	1.47
14076	16406	1	0	111	0	1.12
14076	16407	1	1	91	1	1.33
14076	16408	1	1	91	1	0.56
14076	16409	1	0	111	0	1.32
14076	17064	1	1	127	0	4.57
14076	17065	1	1	127	0	4.64
13552	16421	1	0	207	0	0.86
13552	16422	1	1	107	0	0.26
13552	16423	1	1	107	0	0.31
13552	16424	1	1	145	0	0.09
13552	16425	1	0	221	0	3
13552	16426	1	0	107	0	1.41
13552	16427	1	1	145	0	0.09
13552	16428	1	1	207	0	1.31
14002	16590	1	0	93	1	0.39
14002	16591	1	1	102	0	0.3
14002	16592	1	1	102	0	0.1
14002	16593	1	0	93	1	0.65
13270	16634	1	0	101	0	0.72
13270	16635	1	0	101	0	0.87
13270	16636	1	0	101	0	0.78
13270	16637	1	0	101	0	1.2
13270	16638	1	0	101	0	1.01
13270	16639	1	0	99	1	1.55
13270	16640	1	1	99	1	1.61
13270	16641	1	0	99	1	0.86
